111000000000000000000000
011000000000000000000000
001000000000000000000000
001000000000000000000000
101000000000000000000000
101000000000000000000000
101000000000000000000000
011000000000000000000000
001000000000000000000000
001000000000000000000000
101000000000000000000000
011000000000000000000000
011000000000000000000000
101000000000000000000000
101000000000000000000000
101000000000000000000000
111000000000000000000000
001000000000000000000000
111000000000000000000000
111000000000000000000000
001000000000000000000000
101000000000000000000000
111000000000000000000000
111000000000000000000000
111000000000000000000000
011000000000000000000000
101000000000000000000000
001000000000000000000000
001000000000000000000000
101000000000000000000000
001000000000000000000000
101000000000000000000000
101000000000000000000000
011000000000000000000000
011000000000000000000000
011000000000000000000000
111000000000000000000000
101000000000000000000000
001000000000000000000000
111000000000000000000000
101000000000000000000000
111000000000000000000000
101000000000000000000000
011000000000000000000000
111000000000000000000000
001000000000000000000000
111000000000000000000000
001000000000000000000000
001000000000000000000000
101000000000000000000000
