11111101101110
11111101110000
11111101110010
11111101111110
11111110001011
11111110011101
11111110101111
11111111000100
11111111011101
11111111110100
11111111111101
00000000000010
00000000000000
11111111111110
00000000000011
00000000001100
00000000100001
00000000111000
00000001001111
00000001100100
00000001111010
00000010001010
00000010010111
00000010011000
00000010010001
00000001111110
00000001101111
00000001011000
00000001000010
00000000101000
00000000001011
11111111101110
11111111010101
11111111000000
11111110100011
11111110001010
11111101110010
11111101100100
11111101011011
11111101100000
11111101011101
11111101101100
11111110010111
11111111010010
00000000010100
00000001010010
00000010000101
00000010100100
00000010110011
00000010100100
00000010000101
00000001010010
00000000010100
11111111010010
11111110010111
11111101101100
11111101010001
11111101001000
11111101001111
11111101101010
11111110010000
11111110111010
11111111011001
11111111110000
11111111101111
11111111100000
11111111010001
11111110111110
11111110100100
11111110001010
11111101110011
11111101101000
11111101101101
11111101111000
11111101111011
11111110000110
11111110010000
11111110011110
11111110101101
11111111000000
11111111011011
11111111110100
11111111111101
00000000000010
00000000000000
11111111111110
00000000000011
00000000001100
00000000101001
00000001001000
00000001010111
00000001100000
00000001100110
00000001101010
00000001110011
00000001111000
00000010000101
00000010010010
00000010011011
00000010011100
00000010011110
00000010011100
00000010011011
00000010010010
00000010000001
00000001110000
00000001101111
00000001101100
00000001110000
00000001110000
00000001101001
00000001011000
00000000111011
00000000011010
11111111111001
11111111010110
11111110110100
11111110011000
11111101111111
11111101110010
11111101100101
11111101101010
11111101111011
11111110011010
11111110111110
11111111100110
00000000001011
00000000101010
00000000111101
00000001000110
00000001001111
00000001010000
00000001001100
00000001000010
00000000111001
00000000101110
00000000100111
00000000011100
00000000010101
00000000001110
00000000001010
00000000000100
11111111111001
11111111101100
11111111011111
11111111010000
11111110110101
11111110011010
11111101111100
11111101100110
11111101010111
11111101011000
11111101100101
11111110000100
11111110100011
11111111001100
11111111110110
00000000100010
00000001001111
00000001110100
00000010011101
00000010111010
00000011000011
00000010111010
00000010101000
00000010010000
00000010000001
00000001110010
00000001110011
00000001111010
00000010000101
00000010001110
00000010011110
00000010101010
00000010110001
00000010101010
00000010010111
00000001111110
00000001100101
00000001000100
00000000100100
00000000000110
11111111101011
11111111010110
11111110111001
11111110101100
11111110111011
11111111011000
00000000000000
00000000101000
00000001000101
00000001010100
00000001000111
00000000101010
00000000010101
11111111111010
11111111011100
11111110111100
11111110011011
11111110000010
11111101110001
11111101100110
11111101010111
11111101010010
11111101001110
11111101010010
11111101010111
11111101100110
11111101111001
11111110010010
11111110100011
11111110111000
11111111001000
11111111011010
11111111110001
00000000001010
00000000100111
00000001000000
00000001011101
00000001110110
00000010001110
00000010011100
00000010100101
00000010100000
00000010010111
00000001111100
00000001011101
00000000110100
00000000001010
11111111011110
11111110110001
11111110001100
11111101100011
11111101000110
11111100111101
11111101000110
11111101011000
11111101110000
11111101111111
11111110001110
11111110010001
11111110001110
11111101111111
11111101110000
11111101011000
11111101000110
11111100111101
11111101000110
11111101100111
11111110010100
11111110110101
11111111011100
00000000000000
00000000100100
00000001001011
00000001101100
00000010011001
00000010111010
00000011000011
00000010111010
00000010101000
00000010010000
00000010000001
00000001110010
00000001101111
00000001110010
00000010000001
00000010010000
00000010101000
00000010111010
00000011000011
00000010111010
00000010011001
00000001101100
00000001001011
00000000100100
00000000000000
11111111011100
11111110110101
11111110010100
11111101100111
11111101000110
11111100111101
11111101000110
11111101011000
11111101110000
11111101111111
11111110001110
11111110000101
11111101110110
11111101110011
11111101110110
11111101110110
11111101110110
11111101110011
11111101110110
11111110000001
11111110000110
11111101111011
11111101110010
11111101100010
11111101010110
11111101001111
11111101010110
11111101100101
11111101111010
11111110010111
11111110111110
11111111100110
00000000001010
00000000100111
00000000111010
00000001000101
00000000111010
00000000100111
00000000001010
11111111100110
11111110111110
11111110010111
11111101111010
11111101101001
11111101011110
11111101010011
11111101010100
11111101011000
11111101100010
11111101101001
11111101110110
11111101110111
11111101111000
11111110000101
11111110011010
11111110101110
11111111000000
11111111001101
11111111011000
11111111100011
11111111100000
11111111010001
11111110111110
11111110100100
11111110001010
11111101110011
11111101101000
11111101101101
11111101111000
11111101111011
11111110000110
11111110010000
11111110011110
11111110101101
11111111000000
11111111010011
11111111100100
11111111110101
00000000000110
00000000010100
00000000011110
00000000100111
00000000101100
00000000111001
00000000111100
00000000101111
00000000011010
00000000000000
11111111100110
11111111010001
11111111000100
11111111000011
11111111001100
11111111010101
11111111100100
11111111110110
00000000001010
00000000011101
00000000101100
00000000110011
00000000110110
00000000111101
00000001000000
00000001000010
00000001000000
00000000111101
00000000110110
00000000110001
00000000101000
00000000011011
00000000001011
11111111111011
11111111101100
11111111011110
11111111010100
11111111001010
11111111000111
11111111001010
11111111010011
11111111011111
11111111101101
11111111111001
00000000000011
